All 128 accesspoints
                                 0 F             1 F             2 F             3 F
   00:24:6c:60:c8:42          -87.54           -89.5          -88.25           -88.0
   00:24:6c:60:c8:41          -87.04          -92.17          -88.18           -86.9
   00:24:6c:60:c8:40          -87.41          -89.39          -88.96          -87.85
   00:24:6c:5e:c8:21           -90.0           -90.0               -               -
   00:24:6c:5e:c8:20           -91.0           -92.0               -               -
   00:24:6c:5e:c8:22           -90.0           -90.0           -90.0               -
   00:24:6c:5c:01:a2          -73.34           -76.1          -77.03           -74.2
   00:24:6c:5c:01:a0           -72.5          -76.23          -76.93           -74.1
   00:24:6c:5c:01:a1           -72.1          -76.33          -77.63          -74.37
   00:24:6c:60:c9:b2           -91.5               -           -91.2           -92.0
   00:24:6c:60:cb:b2           -89.5          -88.43          -89.43          -88.03
   00:24:6c:60:cb:b1           -88.4           -88.3          -87.47           -87.6
   00:24:6c:60:cb:b0          -88.79          -88.07          -88.11          -88.35
   00:24:6c:60:cd:83          -81.96          -85.86           -88.0          -87.44
   00:24:6c:60:cd:82          -81.61          -83.33          -85.53          -90.83
   00:24:6c:60:cd:81           -82.0          -84.71          -88.19           -87.0
   00:24:6c:60:cd:80           -80.5           -86.5           -90.0           -90.0
   00:24:6c:60:ca:00           -84.5          -83.38          -78.39           -85.4
   00:24:6c:60:ca:01          -82.52          -79.74          -79.58          -82.14
   00:24:6c:60:ca:02          -81.81          -81.75          -79.67           -80.2
   00:24:6c:d2:98:11          -88.54          -90.25          -89.77          -89.37
   00:24:6c:5c:01:b2           -81.0           -82.7          -81.53          -81.93
   00:24:6c:5c:01:b1          -80.93          -82.63          -81.33           -82.1
   00:24:6c:5c:01:b0          -80.97          -82.53          -81.37          -82.23
   00:24:6c:60:cd:90           -83.5          -87.12          -83.88          -87.96
   00:24:6c:60:cd:91          -83.37          -86.77          -86.27          -87.46
   00:24:6c:60:cd:92          -84.03          -86.97          -86.27          -88.43
   00:24:6c:60:cd:93          -84.53          -86.97           -86.1           -88.7
   00:12:17:b0:68:cd           -88.0           -89.0               -               -
   00:24:6c:5c:02:31          -89.33          -88.72          -90.77          -90.13
   00:24:6c:5c:02:30          -88.85          -88.89          -89.89          -89.77
   00:24:6c:5c:02:32          -89.57          -88.75          -90.73          -90.07
   00:24:6c:60:c9:a3           -91.0               -           -90.2               -
   00:24:6c:60:c9:a2           -90.6          -88.29           -92.0               -
   00:24:6c:60:c9:a1           -91.0           -91.0               -           -91.0
   00:24:6c:60:c9:a0               -           -90.0           -90.0               -
   00:24:6c:ad:6b:1a          -87.68          -86.28           -87.0          -87.95
   00:24:6c:5c:02:f0          -80.07          -79.87          -78.43           -78.9
   68:7f:74:ca:6d:7d          -77.77          -77.13           -76.3           -79.2
   00:24:6c:60:c9:b3           -92.0           -92.0          -91.64               -
   00:24:6c:5c:02:f1          -79.67           -79.6           -78.1           -78.4
   00:24:6c:d2:99:42          -84.54          -84.92          -86.11          -84.04
   00:24:6c:d2:99:43           -83.9           -85.0          -87.22          -83.75
   00:24:6c:d2:99:40          -82.35          -83.92          -85.25           -84.8
   00:24:6c:d2:99:41          -84.13          -84.26           -85.0          -83.62
   00:24:6c:d2:99:51          -88.37          -89.94          -87.96          -88.84
   00:12:17:b0:68:ca          -77.93          -77.27          -82.27           -81.7
   00:24:6c:60:c9:b1               -               -          -90.25               -
   00:24:6c:d2:99:50           -89.0           -89.0          -87.25           -89.0
   00:24:6c:d2:99:53          -89.53           -89.6          -89.43          -88.97
   00:24:6c:d2:99:52          -88.77           -88.9           -88.6          -88.85
   00:24:6c:5c:02:22               -           -89.0          -90.71           -89.0
   00:24:6c:5c:02:21               -           -89.0           -87.0               -
   00:24:6c:60:cc:c2          -86.17           -89.0          -86.86          -86.61
   00:24:6c:60:cc:c1          -85.64           -87.5          -87.21          -86.23
   00:24:6c:60:cc:c0          -85.36           -86.0          -87.64               -
   00:24:6c:5e:c0:32           -90.0               -               -               -
   00:24:6c:5e:c0:30           -90.0               -               -               -
   00:24:6c:5e:c0:31           -90.0           -93.0               -               -
   48:f8:b3:40:11:ba          -50.23          -57.13          -55.23          -53.83
   00:24:6c:d2:99:72           -72.2          -72.97          -71.93          -71.63
   00:24:6c:d2:99:71           -72.3          -72.53          -72.53           -71.6
   00:24:6c:d2:99:70          -72.79          -72.83          -72.53           -72.1
   00:24:6c:d2:9a:11          -83.24          -85.16          -85.58          -85.22
   00:24:6c:d2:9a:10          -82.86          -83.95          -82.95          -84.27
   00:24:6c:d2:9a:12           -83.2           -84.9          -85.04          -84.36
   18:64:72:15:10:91          -71.67           -73.1          -73.27          -71.27
   18:64:72:15:10:90           -71.4          -73.32          -72.82          -70.97
   18:64:72:15:10:92           -71.4           -73.1          -72.83           -70.9
   00:24:6c:d2:99:60          -76.17          -76.83          -75.97          -76.03
   00:24:6c:d2:99:61          -76.47          -75.57          -75.13          -74.97
   00:24:6c:d2:99:62           -76.5          -75.17           -75.5          -74.53
   00:1e:52:7b:b7:02           -83.5           -76.0           -80.0               -
   68:7f:74:ca:6d:59          -84.93          -90.04          -89.08           -88.2
   18:64:72:15:10:82           -81.1           -84.3          -82.73          -84.52
   00:24:6c:d2:9a:02          -82.92          -82.33          -82.93          -82.57
   00:24:6c:d2:9a:00          -83.08          -79.24           -83.5          -83.04
   00:24:6c:d2:9a:01          -83.07           -80.1          -83.93          -82.54
   00:24:6c:d2:98:12           -88.5           -90.4          -89.71          -88.81
   00:24:6c:ad:6b:18           -85.8          -86.35          -90.43           -87.0
   00:24:6c:ad:6b:19          -87.88          -86.82          -88.08          -87.14
   18:64:72:fb:42:61               -          -88.75           -91.0          -88.25
   18:64:72:fb:42:60               -           -90.0               -               -
   18:64:72:fb:42:62           -88.0           -89.2               -               -
   00:24:6c:5c:02:f2          -79.77           -80.1          -78.27           -78.4
   00:24:6c:5c:01:30          -76.37          -77.63           -76.0           -76.2
   18:64:72:15:10:80           -82.0          -83.62          -83.24          -83.15
   18:64:72:15:10:81           -83.4          -83.79          -83.77          -83.34
   00:24:6c:d2:98:10           -88.8           -89.0          -89.11          -88.86
   00:24:6c:5c:01:31          -76.03          -77.03          -76.13           -76.5
   c8:d7:19:f4:9a:ad               -               -           -95.0           -92.0
   00:24:6c:60:ca:03          -83.83          -81.41          -78.66           -80.2
   00:24:6c:5c:01:32           -76.4          -77.73          -76.13          -76.57
   00:24:6c:5e:c8:43           -85.6           -87.5           -81.0          -81.97
   00:24:6c:5e:c8:42          -86.22          -83.27          -81.64          -82.68
   00:24:6c:5e:c8:41               -           -83.6          -84.47           -81.8
   00:24:6c:5e:c8:40               -          -87.23               -          -79.29
   00:24:6c:60:cc:d2           -76.4          -77.21           -79.2          -75.53
   00:24:6c:60:cc:d0           -76.2          -77.24          -76.97          -75.77
   00:24:6c:60:cc:d1          -76.41          -77.43          -76.69           -75.4
   00:24:6c:5c:01:22           -70.8          -67.73           -68.4          -66.53
   00:24:6c:d2:9a:31          -59.27          -61.43          -63.43          -63.23
   00:24:6c:5c:01:20          -65.47          -70.57          -67.87          -65.97
   00:24:6c:60:c9:b0               -               -           -90.0               -
   18:64:72:fb:42:72           -89.5          -86.81          -87.33          -87.33
   18:64:72:fb:42:70           -88.8           -90.0          -86.56           -89.0
   18:64:72:fb:42:71          -89.32          -86.68          -88.27           -88.7
   00:24:6c:5c:02:e2          -74.33          -70.07           -68.8          -65.83
   00:24:6c:5c:02:e1          -73.67           -67.8          -70.47           -66.7
   00:24:6c:5c:02:e0          -72.67          -67.83           -68.9          -65.87
   00:24:6c:5e:c8:50           -85.0          -85.76          -86.23           -86.8
   00:24:6c:5e:c8:51           -82.8           -82.5           -84.9          -86.33
   00:24:6c:5e:c8:52          -84.07           -85.1          -84.83          -85.27
   00:24:6c:5e:c8:53           -84.1          -85.13          -85.47          -87.13
   00:0f:66:8a:28:4a          -75.37          -70.97          -74.43           -74.0
   00:24:6c:d2:9a:32           -59.6           -61.9          -63.93          -63.83
   00:24:6c:5c:01:21          -67.03           -66.3          -69.17          -67.93
   00:24:6c:d2:9a:20          -74.07          -69.53          -69.53           -68.8
   00:24:6c:d2:9a:21          -74.83           -71.6          -69.73          -72.13
   00:24:6c:d2:9a:22          -73.83           -72.3           -69.3          -70.47
   00:24:6c:d2:9a:30           -59.5          -62.93          -63.93          -63.47
   00:24:6c:60:ca:13          -89.85          -90.18          -90.33          -90.25
   00:24:6c:60:ca:12          -89.88          -90.61          -90.04           -90.6
   00:24:6c:60:ca:11          -89.86               -               -               -
   00:24:6c:60:ca:10               -               -           -91.0               -
   00:24:6c:d2:98:01          -85.05          -84.11          -88.64          -87.18
   00:24:6c:d2:98:00           -84.1          -84.72          -88.09          -85.57
   00:24:6c:d2:98:02           -85.0          -86.54           -88.0          -87.45
          Total Macs             117             119             117             108
Comparing 101 common mac addresses of 128 unique
                  0 F        1 F        2 F        3 F
0 F               0.0       1.54        3.0       2.45
1 F              1.54        0.0       1.46       0.92
2 F               3.0       1.46        0.0       0.55
3 F              2.45       0.92       0.55        0.0


Average Table:
       0.0       1.54        3.0       2.45
      1.54        0.0       1.46       0.92
       3.0       1.46        0.0       0.55
      2.45       0.92       0.55        0.0
