All 89 accesspoints
                             2 Pulls        10 Pulls        30 Pulls        60 Pulls       100 Pulls
   00:24:6c:60:c8:42               -           -84.0          -84.67          -84.67           -84.7
   00:24:6c:60:c8:41               -               -           -84.5          -84.75           -85.5
   00:24:6c:60:c8:40               -           -91.0          -89.33           -89.0          -88.09
   00:24:6c:5c:01:a2          -70.33           -68.5          -67.27           -66.7           -67.3
   00:24:6c:5c:01:a0          -70.67           -68.9           -67.1           -66.3          -66.99
   00:24:6c:5c:01:a1           -74.0           -69.9          -67.67          -66.83          -67.33
   00:24:6c:60:cd:83               -          -82.25          -81.75          -83.77          -83.14
   00:24:6c:60:cd:82               -          -83.75          -82.42          -82.83          -83.25
   00:24:6c:60:cd:81               -           -82.5          -82.92          -82.94          -82.85
   00:24:6c:60:cd:80               -               -           -83.0          -83.75          -83.08
   00:24:6c:60:ca:00               -               -           -71.5          -71.65          -72.79
   00:24:6c:60:ca:01           -81.0          -71.17          -68.81          -68.85          -70.47
   00:24:6c:60:ca:02           -77.5           -72.0          -69.14          -69.02          -70.89
   00:24:6c:60:ca:03           -81.0          -72.44          -69.93          -69.86          -71.34
   00:24:6c:5c:01:b2           -84.5          -85.22          -87.52          -87.96          -87.66
   00:24:6c:5c:01:b1           -84.0          -85.56          -87.68           -88.0          -87.65
   00:24:6c:5c:01:b0           -83.5          -84.88          -87.42           -87.7          -87.37
   00:24:6c:60:cd:91               -               -           -95.0           -95.0           -94.5
   00:24:6c:60:cd:92               -          -93.67          -94.33          -94.14           -94.1
   00:24:6c:60:cd:93               -               -           -95.2          -94.85          -94.47
   00:24:6c:5c:02:31           -92.0          -91.75          -92.56          -92.67          -93.08
   00:24:6c:5c:02:30               -           -91.0           -91.0           -92.0           -92.0
   00:24:6c:5c:02:32           -94.0           -92.4          -92.91          -93.06           -93.0
   00:24:6c:60:c9:a3               -           -86.0          -84.58           -85.0           -85.0
   00:24:6c:60:c9:a2               -          -84.75          -85.92          -86.63          -86.83
   00:24:6c:60:c9:a1               -           -83.0           -82.5           -84.4           -84.4
   00:24:6c:60:c9:a0               -               -           -88.0          -89.33          -89.33
   18:64:72:15:10:80           -80.5           -80.4          -80.41          -79.91          -80.64
   68:7f:74:ca:6d:7d           -78.5           -77.8          -78.24          -78.61          -77.05
   18:64:72:15:10:81           -84.0          -86.67          -81.94           -81.0          -81.38
   00:24:6c:d2:99:42           -82.0          -80.29           -81.9          -82.46          -82.15
   00:24:6c:d2:99:43           -83.0           -81.0           -83.0          -83.67          -83.26
   00:24:6c:d2:99:40               -          -81.75           -82.5           -82.0          -81.95
   00:24:6c:d2:99:41               -          -80.17          -81.88          -81.93          -81.38
   00:12:17:b0:68:ca           -83.0          -84.33          -83.67          -82.53          -82.64
   00:12:17:b0:68:cd               -               -           -86.6           -86.6          -85.11
   00:24:6c:5c:02:22               -           -86.0           -86.5           -86.5          -84.22
   00:24:6c:5c:02:20               -               -               -           -87.0           -87.0
   00:24:6c:5c:02:21               -               -               -           -85.5          -84.57
   00:24:6c:60:cc:c2               -          -82.33          -84.89          -85.27          -84.22
   00:24:6c:60:cc:c1               -           -83.5          -85.88           -86.3          -84.23
   00:24:6c:60:cc:c0               -           -85.0          -85.25          -85.25          -83.94
   48:f8:b3:40:11:ba          -52.67          -53.18          -53.58          -53.21          -52.95
   00:24:6c:d2:99:72           -87.5           -84.6           -84.7          -84.71          -84.39
   00:24:6c:d2:99:71          -87.33          -84.36          -84.68          -84.83          -84.66
   00:24:6c:d2:99:70           -87.0          -83.67          -84.58          -85.37          -84.97
   18:64:72:15:10:91          -72.67          -75.64          -77.17          -77.92          -77.77
   18:64:72:15:10:90           -74.0          -76.73          -77.79          -78.66          -78.63
   18:64:72:15:10:92          -73.33          -76.27          -77.77          -78.48          -78.39
   00:24:6c:d2:99:60           -77.0           -74.4          -74.22          -74.42          -74.06
   00:24:6c:d2:99:61           -77.5           -74.6          -74.52          -74.66          -74.37
   00:24:6c:d2:99:62           -75.5           -74.6          -74.34          -74.64          -74.31
   00:1e:52:7b:b7:02               -          -80.75          -78.64          -79.33          -79.44
   68:7f:74:ca:6d:59               -           -79.6          -78.28          -78.16           -79.2
   18:64:72:15:10:82           -78.5           -83.0          -81.15          -80.47          -81.11
   00:24:6c:d2:9a:02           -84.0          -76.14          -75.46          -75.27          -76.78
   00:24:6c:d2:9a:00           -89.0          -77.83           -76.0          -74.93          -76.16
   00:24:6c:d2:9a:01           -89.0          -76.86          -75.88          -75.33          -76.69
   00:24:6c:5c:02:f2          -88.67          -87.82          -87.19          -87.07          -87.12
   00:24:6c:5c:01:30           -86.0          -82.11           -82.5          -82.57          -83.63
   00:24:6c:5c:02:f0           -88.0           -86.5          -86.36          -86.58          -86.91
   00:24:6c:5c:02:f1          -89.67           -87.2          -86.73          -87.09          -87.05
   00:24:6c:d2:9a:21           -74.0           -72.9          -72.56          -72.26          -71.78
   00:24:6c:5c:01:32           -88.0          -84.18          -82.97          -83.04          -83.98
   00:24:6c:5e:c8:43           -79.0          -80.67          -78.57          -78.94          -78.47
   00:24:6c:5e:c8:42               -           -78.5          -79.55          -79.65          -79.33
   00:24:6c:5e:c8:41               -           -77.0          -78.29           -78.6          -78.65
   00:24:6c:5e:c8:40               -               -          -76.67           -77.6           -78.6
   00:24:6c:60:cc:d2           -90.0           -91.0          -91.67          -91.44          -91.67
   00:24:6c:60:cc:d0               -           -90.0           -92.0          -91.62          -91.79
   00:24:6c:60:cc:d1           -89.0          -89.33          -91.56          -91.28          -91.43
   00:24:6c:5c:01:22          -63.33          -58.82          -56.42          -55.69          -59.05
   00:24:6c:d2:9a:31           -76.0           -77.2          -76.47          -77.73          -79.02
   00:24:6c:d2:9a:30          -77.33          -77.82          -76.48          -77.62          -79.09
   00:24:6c:5c:02:e2          -68.67          -65.73          -63.84          -62.67          -61.78
   00:24:6c:5c:02:e1           -69.0          -65.09          -63.13           -62.2          -61.39
   00:24:6c:5c:02:e0          -67.67          -64.55          -62.68          -61.93          -61.24
   00:24:6c:5e:c8:52               -               -               -               -           -95.0
   00:24:6c:5e:c8:53               -               -               -               -           -94.0
   00:0f:66:8a:28:4a          -81.67          -74.09          -69.03          -68.18          -69.92
   00:24:6c:d2:9a:32          -76.67          -77.18          -76.55          -77.54          -78.98
   00:24:6c:5c:01:21          -62.33          -59.82          -56.42          -55.28          -58.52
   00:24:6c:d2:9a:20          -71.67          -71.44           -71.8          -71.96          -71.39
   00:24:6c:5c:01:31          -87.67           -84.0          -82.87           -83.0          -84.07
   00:24:6c:d2:9a:22           -73.0           -71.6          -71.96          -72.59          -72.09
   00:24:6c:5c:01:20          -62.33          -58.82          -56.23          -55.44          -58.75
   00:24:6c:d2:98:01               -               -           -85.5          -85.17          -85.14
   00:24:6c:d2:98:00               -               -           -84.0           -83.4           -83.4
   00:24:6c:d2:98:02               -           -87.5          -85.67          -84.08           -84.0
          Total Macs              53              75              85              87              89
Comparing 53 common mac addresses of 89 unique
              2 Pulls   10 Pulls   30 Pulls   60 Pulls  100 Pulls
2 Pulls           0.0        1.4       1.04       0.41       0.91
10 Pulls          1.4        0.0       0.36       0.99       0.49
30 Pulls         1.04       0.36        0.0       0.63       0.13
60 Pulls         0.41       0.99       0.63        0.0        0.5
100 Pulls        0.91       0.49       0.13        0.5        0.0

All 102 accesspoints
                             2 Pulls        10 Pulls        30 Pulls        60 Pulls       100 Pulls
   00:0e:8e:4f:ac:6b           -93.0           -93.0          -91.15          -89.16          -88.46
   00:24:6c:60:c8:42           -89.0           -89.0           -89.0           -89.0           -89.0
   00:24:6c:60:c8:40           -89.0           -89.0           -89.0           -89.0           -89.0
   00:24:6c:5e:c8:21          -59.67          -58.18          -60.55           -59.3          -59.39
   00:24:6c:5e:c8:20           -60.0          -58.27          -59.61          -58.72          -58.72
   00:24:6c:5e:c7:22           -76.0          -76.55          -77.97          -78.38          -78.43
   00:24:6c:5e:c8:22          -69.67          -66.18          -61.61          -60.77          -60.96
   00:24:6c:5c:01:a2          -84.67          -88.27          -89.56           -88.4          -88.81
   00:24:6c:5c:01:a0           -76.0          -87.11          -88.61          -87.71          -88.64
   00:24:6c:5c:01:a1           -74.0          -86.75           -88.9          -87.92          -88.73
   00:24:6c:60:cb:b2          -73.67          -73.18          -72.61          -72.08          -72.37
   00:24:6c:60:cb:b1           -73.0          -72.73          -72.35          -71.89          -72.11
   00:24:6c:60:cb:b0           -74.0          -74.73          -73.26          -72.39          -72.78
   00:24:6c:60:cd:83               -           -89.4          -89.68          -89.73          -89.58
   00:24:6c:60:cd:82          -89.67          -89.36          -89.29          -89.54          -89.69
   00:24:6c:60:cd:81           -91.0           -91.2          -90.07           -89.7          -89.64
   00:24:6c:60:cd:80               -               -          -90.27          -90.35          -90.35
   00:24:6c:5e:c7:20           -76.0           -77.2           -77.2          -77.71          -78.51
   00:24:6c:5e:c8:32           -57.0          -57.18          -56.13          -55.26          -55.59
   00:24:6c:5e:c8:30          -56.67           -57.0          -56.16          -55.33          -55.67
   00:24:6c:5e:c8:31           -57.0           -57.0          -55.97          -55.21          -55.56
   00:24:6c:5c:01:b2           -83.5           -90.3          -90.73           -90.1          -90.29
   00:24:6c:5c:01:b1           -79.0           -88.9           -90.4          -90.22          -90.07
   00:24:6c:5c:01:b0           -77.0          -90.71          -90.79          -90.24          -90.36
   00:24:6c:5e:c7:23          -75.33          -76.73          -78.13          -78.48          -78.53
   00:24:6c:60:cd:90               -           -89.0           -89.0          -89.33           -89.2
   00:24:6c:60:cd:91           -87.5           -88.6          -88.63          -87.88          -88.44
   00:24:6c:60:cd:92           -90.0          -89.18          -89.28          -89.22          -89.27
   00:24:6c:60:cd:93          -89.67          -89.27          -88.71          -88.95          -88.97
   00:24:6c:5e:c5:93           -89.0          -89.11          -89.45          -89.94          -90.04
   00:24:6c:5e:c5:92           -90.0          -89.78          -89.59           -89.9          -89.76
   00:24:6c:5e:c5:91               -               -           -89.7          -90.56          -90.14
   00:24:6c:5e:c5:90               -               -           -90.0           -90.0           -90.0
   00:24:6c:5c:02:31          -86.67          -85.45          -85.26          -84.38          -84.56
   00:24:6c:5c:02:30          -86.67          -85.27          -85.35          -84.46          -84.56
   00:24:6c:5c:02:32          -86.33          -85.27          -85.26          -84.43          -84.51
   00:24:6c:ad:6b:1a           -88.0           -88.0           -88.0           -88.0           -88.0
   68:7f:74:ca:6d:7d          -78.33          -78.45          -77.94          -80.39          -80.33
   00:24:6c:d2:99:42               -               -           -92.0           -91.5           -91.5
   00:24:6c:d2:99:43           -85.0           -85.0           -89.8          -90.14          -90.14
   00:12:17:b0:68:ca          -60.33          -62.27          -62.39          -63.28          -63.85
   00:12:17:b0:68:cd          -89.33          -89.45          -88.23          -86.54          -86.37
   00:24:6c:5e:c5:80           -87.0          -86.67           -88.0           -88.4           -88.5
   00:24:6c:5e:c5:81          -86.67          -85.73          -86.36          -87.98           -88.6
   00:24:6c:5e:c5:82           -87.0          -86.45          -87.35          -88.51          -89.09
   00:24:6c:5e:c5:83           -86.0          -86.18           -87.4          -88.71          -88.96
   00:24:6c:5c:02:22               -               -           -86.5          -85.28          -86.03
   00:24:6c:5c:02:20               -           -87.0          -87.81          -85.98          -86.56
   00:24:6c:5c:02:21               -           -86.0          -86.24          -85.37          -86.22
   00:24:6c:d2:99:53           -92.0           -92.0           -92.0           -92.0           -92.0
   48:f8:b3:40:11:ba           -50.0          -75.33          -82.57          -86.71          -86.22
   00:24:6c:d2:99:72               -           -92.0          -91.22          -91.31          -91.19
   00:24:6c:d2:99:71               -           -92.0          -91.67          -91.13          -91.15
   00:24:6c:d2:99:70               -               -               -          -90.81          -90.65
   00:24:6c:5e:c7:21           -76.0          -76.36          -77.84          -78.39          -78.57
   00:24:6c:d2:9a:11           -89.0           -89.0           -89.0           -89.0           -89.0
   00:24:6c:d2:9a:12           -90.0           -90.0           -90.0           -90.0           -90.0
   18:64:72:15:10:91           -70.0           -70.0           -70.0           -70.0           -70.0
   18:64:72:15:10:90           -69.0           -69.0           -69.0           -69.0           -69.0
   18:64:72:15:10:92           -70.0           -70.0           -70.0           -70.0           -70.0
   00:24:6c:d2:99:60           -76.0           -76.0           -76.0           -76.0           -76.0
   00:24:6c:d2:99:61           -75.0           -75.0           -75.0           -75.0           -75.0
   00:24:6c:d2:99:62           -74.0           -74.0           -74.0           -74.0           -74.0
   00:24:6c:d2:9a:02           -82.0           -82.0           -82.0           -82.0           -82.0
   00:24:6c:d2:9a:00           -83.0           -83.0           -83.0           -83.0           -83.0
   00:24:6c:d2:9a:01           -82.0           -82.0           -82.0           -82.0           -82.0
   00:24:6c:ad:6b:19           -88.0           -88.0           -88.0           -88.0           -88.0
   18:64:72:fb:42:61           -70.0          -68.64          -66.48          -65.69          -67.27
   18:64:72:fb:42:60          -70.33          -68.64          -66.58          -66.02          -67.51
   18:64:72:fb:42:62           -69.0          -68.45          -66.61          -65.92          -67.41
   00:24:6c:5c:02:f2           -81.0           -81.0           -81.0           -81.0           -81.0
   00:24:6c:5c:01:30           -75.0           -75.0           -75.0           -75.0           -75.0
   00:24:6c:5c:02:f0           -81.0           -81.0           -81.0           -81.0           -81.0
   00:24:6c:5c:02:f1           -81.0           -81.0           -81.0           -81.0           -81.0
   00:24:6c:5c:01:31           -75.0           -75.0           -75.0           -75.0           -75.0
   00:24:6c:5c:01:32           -75.0           -75.0           -75.0           -75.0           -75.0
   00:24:6c:60:cc:d2           -75.0           -75.0           -75.0           -75.0           -75.0
   00:24:6c:60:cc:d0           -76.0           -76.0           -76.0           -76.0           -76.0
   00:24:6c:60:cc:d1           -76.0           -76.0           -76.0           -76.0           -76.0
   00:24:6c:5c:01:22           -69.0           -69.0           -69.0           -69.0           -69.0
   00:24:6c:5c:01:21           -68.0           -68.0           -68.0           -68.0           -68.0
   00:24:6c:d2:9a:30           -69.0           -69.0           -69.0           -69.0           -69.0
   18:64:72:fb:42:72          -66.67          -66.36          -66.03          -66.39          -66.57
   18:64:72:fb:42:70           -67.0          -66.55          -66.23           -66.8          -67.01
   18:64:72:fb:42:71           -67.0          -66.45           -65.9          -66.31          -66.54
   00:24:6c:5c:02:e2               -               -               -           -91.0           -91.0
   00:24:6c:5c:02:e1               -               -               -           -92.5           -92.5
   00:24:6c:5c:02:e0               -               -               -           -91.0           -91.0
   00:24:6c:5e:c7:33          -83.33          -82.91          -83.13          -83.62          -83.35
   00:24:6c:5e:c7:32          -83.33          -82.64           -83.0          -83.56          -83.27
   00:24:6c:5e:c7:31          -83.33          -82.73          -82.84           -83.1          -82.78
   00:24:6c:5e:c7:30           -83.0          -82.33          -83.19          -84.02          -83.79
   00:0f:66:8a:28:4a           -80.0           -80.0           -80.0           -80.0           -80.0
   00:24:6c:60:cb:a2          -78.67          -80.73          -79.03          -77.41          -76.86
   00:24:6c:60:cb:a0          -78.33          -80.18          -79.19          -77.84          -77.48
   00:24:6c:60:cb:a1          -78.33          -79.91          -78.68          -77.26          -76.96
   00:24:6c:d2:9a:32           -70.0           -70.0           -70.0           -70.0           -70.0
   00:24:6c:d2:9a:31           -70.0           -70.0          -88.86          -88.86          -88.86
   00:24:6c:d2:9a:20           -70.0           -70.0           -70.0           -70.0           -70.0
   00:24:6c:d2:9a:21           -89.0           -89.0           -89.0           -90.8          -90.86
   00:24:6c:d2:9a:22           -70.0           -70.0           -70.0           -70.0           -70.0
   00:24:6c:d2:98:01           -83.0           -83.0           -83.0           -83.0           -83.0
          Total Macs              87              93              98             102             102
Comparing 87 common mac addresses of 102 unique
              2 Pulls   10 Pulls   30 Pulls   60 Pulls  100 Pulls
2 Pulls           0.0        0.0        0.0        0.0        0.0
10 Pulls          0.0        0.0        0.0        0.0        0.0
30 Pulls          0.0        0.0        0.0        0.0        0.0
60 Pulls          0.0        0.0        0.0        0.0        0.0
100 Pulls         0.0        0.0        0.0        0.0        0.0

All 83 accesspoints
                             2 Pulls        10 Pulls        30 Pulls        60 Pulls       100 Pulls
   00:24:6c:5d:9e:61           -90.0           -90.0           -90.0           -91.0          -88.75
   00:24:6c:5d:9e:60               -               -               -               -           -89.0
   00:0e:8e:4f:ac:6b           -86.0          -87.09          -87.35          -88.25          -88.52
   00:24:6c:d2:99:40           -87.0           -88.0          -88.33          -88.36          -88.59
   00:24:6c:60:c8:42               -           -91.5           -88.0          -87.45          -87.52
   00:24:6c:60:c8:41               -               -          -86.33           -86.0          -86.22
   00:24:6c:60:c8:40           -88.0           -88.0          -86.25          -86.88          -86.58
   00:24:6c:5e:c8:21           -79.5           -80.0          -79.93          -79.62          -79.82
   00:24:6c:5c:02:30          -53.67          -54.45          -54.37          -54.92           -55.2
   00:24:6c:5e:c7:22               -               -          -87.57          -87.88          -87.79
   00:24:6c:5e:c7:23           -89.0           -88.0           -88.0          -87.92          -88.45
   00:24:6c:5c:01:a2           -76.0           -75.0          -75.58           -75.9          -75.93
   00:24:6c:5c:01:a0          -74.33          -74.45          -75.52          -75.64          -75.87
   00:24:6c:5c:01:a1          -76.67          -74.91          -75.23          -75.48          -75.47
   18:64:72:fb:42:70          -75.67          -76.55          -76.26          -76.37          -76.45
   00:1a:1e:2b:08:a0           -84.0           -85.0           -85.0          -83.29          -83.64
   00:1a:1e:2b:08:a1           -84.0           -84.0           -84.0           -83.0          -83.82
   00:1a:1e:2b:08:a2           -85.0           -87.0           -87.0           -84.8           -84.6
   00:1a:1e:2b:08:a3           -82.0           -84.5           -84.0          -83.75          -83.47
   00:24:6c:5e:c7:21               -               -               -           -86.5          -87.33
   00:24:6c:60:cb:b2           -79.0           -76.9          -75.73          -75.05          -74.68
   00:24:6c:60:cb:b1           -78.0           -76.3          -75.67          -74.86           -74.6
   00:24:6c:60:cb:b0           -77.5           -76.1          -75.59          -74.86          -74.77
   00:24:6c:60:c9:a3               -               -               -           -90.0           -91.5
   00:24:6c:60:c9:a2               -               -           -89.0          -89.33           -89.6
   00:24:6c:60:c9:a1               -               -               -           -89.0           -88.5
   00:24:6c:60:cb:a1           -71.0          -71.45          -70.52          -70.59          -70.63
   00:24:6c:5e:c7:20               -               -           -90.0           -90.0           -90.0
   18:64:72:fb:42:72           -73.0          -75.45          -75.43          -75.29          -75.28
   68:7f:74:ca:6d:7d           -56.0          -56.64          -56.87          -56.36          -56.47
   18:64:72:fb:42:71          -74.33          -76.55          -75.58          -75.47           -75.3
   00:24:6c:d2:99:42           -88.5           -88.0           -88.5          -88.78          -88.55
   00:24:6c:5c:02:e2           -80.0          -82.33          -83.67          -83.89          -84.13
   00:24:6c:5c:02:e1           -79.0           -81.0          -84.57          -85.23          -84.69
   00:24:6c:5c:02:e0           -87.0           -87.0          -85.63          -85.13          -84.91
   00:12:17:b0:68:ca           -74.0          -76.63          -77.12          -76.29           -75.9
   00:24:6c:d2:99:60           -89.0          -83.33          -81.33          -80.14          -79.15
   00:24:6c:d2:99:61           -80.0           -81.2          -79.17          -79.26          -78.48
   00:24:6c:d2:99:62           -79.0           -80.5          -79.37          -79.28          -78.91
   00:12:17:b0:68:cd           -62.0          -60.36          -60.26          -59.84          -59.98
   00:24:6c:d2:9a:02           -85.0           -88.4           -90.0          -89.58          -89.38
   00:24:6c:5e:c5:80           -88.0           -88.0          -85.33           -85.0          -84.29
   00:24:6c:5e:c5:81           -83.0           -85.5          -84.17          -83.41          -83.06
   00:24:6c:5e:c5:82               -          -85.75           -85.9          -84.67           -84.0
   00:24:6c:5e:c5:83          -88.33          -86.56          -85.17           -84.5          -84.17
   00:1e:52:7b:b7:02           -75.5          -75.86          -73.73          -73.39          -73.83
   00:24:6c:5c:02:31          -53.67          -54.36           -54.0          -54.48           -54.9
   00:24:6c:5e:c8:31           -93.5          -92.38           -92.3           -92.6          -92.66
   00:24:6c:d2:99:41          -87.67           -88.5           -88.8          -88.58          -88.43
   00:24:6c:5e:c8:32           -92.5          -92.75          -92.38          -92.67          -92.87
   00:24:6c:5c:02:20          -53.33          -54.36          -54.71           -55.1          -55.31
   00:24:6c:5e:c8:20           -79.5           -81.3          -80.34          -80.27          -79.98
   00:24:6c:d2:9a:01           -88.0           -88.0          -89.57          -88.94          -88.85
   00:24:6c:5c:01:b2          -83.67          -84.36          -84.23          -83.55          -82.73
   00:24:6c:5c:01:b1          -84.33           -85.0          -84.65           -83.9          -82.88
   00:24:6c:5c:01:b0          -84.33           -84.0          -84.29          -83.72          -82.65
   00:24:6c:60:cb:a2          -72.33          -71.55          -70.71           -70.8          -70.93
   00:24:6c:5e:c8:30               -               -           -91.5          -91.57          -91.57
   00:24:6c:60:cb:a0          -72.67          -72.36          -71.45          -71.28          -71.26
   00:24:6c:5e:c8:22           -79.0          -80.56          -80.32           -79.9          -80.06
   00:24:6c:5d:9e:62           -92.0           -92.0           -89.0          -89.67           -88.6
   00:24:6c:d2:99:71           -95.0           -93.0          -92.14          -92.11          -92.18
   00:24:6c:ad:6b:12               -               -               -           -89.0           -89.0
   00:24:6c:d2:99:43          -89.67           -88.0          -88.35           -88.5           -88.5
   00:24:6c:d2:9a:00               -               -           -88.2          -87.86          -88.09
   00:24:6c:ad:6b:11               -               -               -           -92.5           -92.5
   ea:70:f8:9a:40:c8               -               -           -87.0           -87.0           -87.0
   d8:c7:c8:d5:b5:02           -90.0           -90.0           -90.0           -90.0          -89.67
   00:24:6c:5c:02:21          -54.33          -54.55          -54.65          -54.92          -55.11
   00:24:6c:d2:9a:21               -               -               -           -91.0          -88.71
   00:24:6c:d2:9a:22               -           -91.0           -89.5          -89.33          -89.71
   18:64:72:fb:42:61           -68.0          -67.45           -67.9          -67.58          -67.53
   18:64:72:fb:42:60           -64.0          -66.22          -67.48          -67.11           -67.4
   18:64:72:fb:42:62          -68.67          -67.82          -68.35          -68.02          -68.09
   00:24:6c:5c:02:22           -55.0          -54.82          -55.03          -55.54          -55.76
   48:f8:b3:40:11:ba          -77.67           -77.5          -76.68          -76.43          -76.46
   00:24:6c:d2:99:72               -           -95.0           -92.0           -92.2          -92.49
   c8:d7:19:f4:9a:ad           -90.0          -89.67           -89.6           -89.5          -89.53
   00:24:6c:d2:99:70               -               -           -91.5           -91.5           -91.4
   68:7f:74:ca:6d:59          -80.33          -78.27          -76.65          -76.59          -76.04
   00:24:6c:5c:02:32           -54.0          -54.18          -54.27          -54.78          -55.18
   d8:c7:c8:d5:b5:00               -               -               -               -           -88.0
   d8:c7:c8:d5:b5:01               -               -               -          -87.67          -87.67
          Total Macs              62              66              74              81              83
Comparing 62 common mac addresses of 83 unique
              2 Pulls   10 Pulls   30 Pulls   60 Pulls  100 Pulls
2 Pulls           0.0        1.0       1.33       1.36       1.59
10 Pulls          1.0        0.0       0.33       0.36       0.59
30 Pulls         1.33       0.33        0.0       0.03       0.25
60 Pulls         1.36       0.36       0.03        0.0       0.22
100 Pulls        1.59       0.59       0.25       0.22        0.0

All 62 accesspoints
                             2 Pulls        10 Pulls        30 Pulls        60 Pulls       100 Pulls
   00:24:6c:60:cd:93           -86.0           -85.0          -84.97          -85.27          -85.52
   00:24:6c:5e:c8:43           -83.0          -82.55          -81.13          -81.84          -81.41
   00:24:6c:5e:c8:42           -81.0          -81.45           -81.2          -81.68          -81.03
   00:24:6c:5e:c8:41           -83.0          -81.73           -81.4          -81.91          -81.18
   00:24:6c:5e:c8:40           -80.5           -82.0          -80.91          -82.09          -81.81
   00:24:6c:60:cc:d2          -67.33           -68.0          -67.29          -67.33          -67.76
   00:24:6c:60:cc:d0          -67.33          -68.18          -67.29          -67.23          -67.58
   00:24:6c:60:cc:d1          -67.33          -68.09          -67.26          -67.25          -67.67
   00:24:6c:60:cd:80           -81.0          -82.43           -80.5           -80.1          -79.25
   00:24:6c:5c:01:a2           -79.0          -79.82          -80.17          -79.64          -78.96
   00:24:6c:5c:01:a0           -79.0          -80.33          -81.25           -81.0          -79.25
   00:24:6c:5c:01:a1           -76.0           -78.1          -80.42          -79.75          -78.54
   00:1a:1e:22:a7:c2           -79.0          -79.75          -79.12          -79.12          -79.97
   00:1a:1e:22:a7:c0           -79.0          -81.25          -79.83          -79.97          -80.31
   00:1a:1e:22:a7:c1           -79.0           -82.6          -80.67          -80.06          -80.62
   18:64:72:15:10:91          -52.33          -52.09          -48.97          -47.79           -47.9
   00:24:6c:5c:01:22           -84.0           -83.2          -83.67          -83.91          -83.45
   00:24:6c:d2:9a:31           -70.0          -70.64          -72.19          -72.85          -73.59
   00:24:6c:5c:01:20           -82.0           -82.6          -83.29          -83.29           -83.4
   18:64:72:15:10:81           -65.0          -61.82          -62.84          -62.67          -62.53
   18:64:72:15:10:80           -62.0          -59.09          -61.58          -61.49          -61.21
   68:7f:74:ca:6d:7d               -               -           -85.0          -84.79          -84.45
   00:24:6c:60:cd:83           -76.0           -79.3          -79.93          -79.36          -78.94
   18:64:72:15:10:90          -51.67          -51.91          -48.84          -47.61          -47.74
   00:24:6c:60:cd:81           -72.0          -77.71          -78.11          -78.71          -78.37
   18:64:72:15:10:92          -52.67          -52.18          -49.06          -47.77          -47.89
   00:24:6c:d2:99:42               -               -           -83.5           -84.4          -84.57
   00:24:6c:5c:02:e2           -44.0          -41.91          -48.71          -49.54          -48.85
   00:24:6c:5c:02:e1           -44.0           -43.0           -49.0          -50.08          -49.24
   00:24:6c:d2:99:41               -               -               -           -85.0           -85.0
   00:1a:1e:22:a7:d1           -89.0          -88.63          -88.63           -89.1          -89.08
   00:12:17:b0:68:ca           -83.5           -84.4          -84.38          -84.23          -84.53
   00:24:6c:d2:99:60           -85.0           -83.5           -83.5           -83.5           -83.5
   00:24:6c:d2:99:61           -85.0           -85.0           -85.0           -85.0           -85.0
   00:24:6c:d2:99:62           -85.0          -83.71          -83.71          -83.71           -84.0
   00:24:6c:d2:99:43           -82.0           -82.0           -83.5          -83.67          -83.33
   00:24:6c:5e:c8:53               -               -           -90.0          -89.14           -89.2
   00:24:6c:5e:c8:52               -               -           -88.0          -88.67          -88.67
   00:24:6c:5c:02:e0           -41.0          -40.73           -47.9          -49.08          -49.02
   18:64:72:15:10:82           -60.0          -58.82          -61.77          -61.79           -61.5
   00:0f:66:8a:28:4a           -79.0           -79.0           -79.0           -79.0          -83.09
   00:24:6c:5c:01:b2               -               -               -           -88.5          -88.68
   00:24:6c:5c:01:b1               -           -88.0           -88.0          -87.67          -88.63
   00:1a:1e:22:a7:d0           -88.0           -87.5           -87.5           -87.5           -87.5
   00:24:6c:60:cc:c2           -72.0          -73.27          -69.81          -68.92          -69.55
   00:24:6c:60:cc:c1           -73.0          -73.55          -68.94          -68.77          -69.52
   00:24:6c:60:cc:c0           -76.0          -73.55          -68.65          -68.28          -68.74
   00:24:6c:d2:9a:32          -70.33          -70.73          -72.32          -72.95          -73.65
   00:24:6c:60:cd:82           -79.0          -81.63          -79.75          -79.47          -78.84
   00:24:6c:5c:01:21           -82.0           -81.4          -82.43          -82.96          -82.82
   00:24:6c:d2:9a:20           -66.0          -65.64          -60.81          -59.48          -60.01
   00:24:6c:d2:9a:21           -63.0          -63.73           -61.1          -60.49          -61.32
   00:24:6c:d2:9a:22           -62.0          -64.27          -60.71          -59.97          -60.52
   00:24:6c:d2:9a:30          -70.33          -70.64          -72.19          -72.87          -73.52
   00:24:6c:5c:02:f2          -66.67          -66.27          -63.42          -61.72          -61.65
   00:24:6c:5c:02:f0           -64.0          -63.45          -61.42           -60.1          -60.39
   00:24:6c:5c:02:f1          -66.33          -66.09          -63.39          -61.75          -61.63
   00:24:6c:60:cd:90           -85.0          -85.29          -85.26          -85.26          -85.56
   00:24:6c:60:cd:91           -81.5          -84.56          -84.72          -85.09          -85.19
   00:24:6c:60:cd:92           -83.0           -84.2          -84.67          -84.95          -85.23
   48:f8:b3:40:11:ba           -54.0          -54.18          -57.23           -57.8          -56.67
   00:1a:1e:22:a7:d2           -88.0          -88.22          -88.22          -88.22          -88.22
          Total Macs              55              56              60              62              62
Comparing 55 common mac addresses of 62 unique
              2 Pulls   10 Pulls   30 Pulls   60 Pulls  100 Pulls
2 Pulls           0.0       1.43        0.5        0.9       1.75
10 Pulls         1.43        0.0       1.93       2.33       3.17
30 Pulls          0.5       1.93        0.0        0.4       1.25
60 Pulls          0.9       2.33        0.4        0.0       0.85
100 Pulls        1.75       3.17       1.25       0.85        0.0


Average Table:
       0.0       0.96       0.72       0.67       1.06
      0.96        0.0       0.66       0.92       1.06
      0.72       0.66        0.0       0.26       0.41
      0.67       0.92       0.26        0.0       0.39
      1.06       1.06       0.41       0.39        0.0
